1 0.6382211538461539 0.5192307692307693 0.22355769230769232 0.1201923076923077
1 0.4423076923076923 0.33653846153846156 0.15865384615384615 0.10576923076923077
1 0.12860576923076922 0.8473557692307693 0.25721153846153844 0.30528846153846156
1 0.046875 0.3004807692307692 0.09375 0.12980769230769232
1 0.44591346153846156 0.6634615384615384 0.24759615384615385 0.2548076923076923
1 0.8016826923076923 0.43990384615384615 0.23317307692307693 0.17307692307692307
1 0.3605769230769231 0.16826923076923078 0.12980769230769232 0.09134615384615384
1 0.16706730769230768 0.265625 0.22355769230769232 0.18509615384615385
1 0.5901442307692307 0.21754807692307693 0.16105769230769232 0.0889423076923077
1 0.4735576923076923 0.11778846153846154 0.15384615384615385 0.09615384615384616
1 0.7848557692307693 0.8497596153846154 0.43028846153846156 0.3004807692307692