1 0.6286057692307693 0.4483173076923077 0.22355769230769232 0.12740384615384615
1 0.36899038461538464 0.3870192307692308 0.16105769230769232 0.11057692307692307
1 0.28125 0.9567307692307693 0.5625 0.08653846153846154
1 0.028846153846153848 0.5637019230769231 0.057692307692307696 0.13221153846153846
1 0.5348557692307693 0.6682692307692307 0.25240384615384615 0.25961538461538464
1 0.7331730769230769 0.296875 0.23557692307692307 0.18028846153846154
1 0.21394230769230768 0.2824519230769231 0.12980769230769232 0.09375
1 0.1045673076923077 0.4639423076923077 0.2091346153846154 0.19230769230769232
1 0.4362980769230769 0.21033653846153846 0.16105769230769232 0.09375
1 0.2860576923076923 0.18389423076923078 0.15384615384615385 0.0985576923076923
1 0.8846153846153846 0.7235576923076923 0.23076923076923078 0.5528846153846154