1 0.6262019230769231 0.44350961538461536 0.22355769230769232 0.13221153846153846
1 0.3641826923076923 0.39302884615384615 0.16105769230769232 0.11298076923076923
1 0.2956730769230769 0.9567307692307693 0.5913461538461539 0.08653846153846154
1 0.030048076923076924 0.5817307692307693 0.06009615384615385 0.1346153846153846
1 0.5384615384615384 0.6682692307692307 0.25961538461538464 0.2644230769230769
1 0.7247596153846154 0.28966346153846156 0.23798076923076922 0.18509615384615385
1 0.20673076923076922 0.2920673076923077 0.12980769230769232 0.0985576923076923
1 0.1045673076923077 0.47836538461538464 0.2091346153846154 0.1971153846153846
1 0.4266826923076923 0.2127403846153846 0.16105769230769232 0.0985576923076923
1 0.27524038461538464 0.19110576923076922 0.15625 0.10336538461538461
1 0.8846153846153846 0.7115384615384616 0.23076923076923078 0.5769230769230769