1 0.4026442307692308 0.3485576923076923 0.15625 0.09134615384615384
1 0.5336538461538461 0.6778846153846154 0.2644230769230769 0.2692307692307692
1 0.8028846153846154 0.3161057692307692 0.22115384615384615 0.13701923076923078
1 0.1201923076923077 0.4182692307692308 0.2403846153846154 0.24519230769230768
1 0.026442307692307692 0.48197115384615385 0.052884615384615384 0.12259615384615384
1 0.6682692307692307 0.46153846153846156 0.25 0.1201923076923077
1 0.25961538461538464 0.21033653846153846 0.125 0.0985576923076923
1 0.4987980769230769 0.17307692307692307 0.1658653846153846 0.08173076923076923
1 0.35096153846153844 0.12860576923076922 0.15865384615384615 0.07451923076923077
1 0.46875 0.20072115384615385 0.13942307692307693 0.0985576923076923
1 0.8846153846153846 0.7596153846153846 0.23076923076923078 0.4807692307692308