1 0.3713942307692308 0.375 0.1658653846153846 0.1201923076923077
1 0.5745192307692307 0.6658653846153846 0.30288461538461536 0.3076923076923077
1 0.7524038461538461 0.25240384615384615 0.23557692307692307 0.1778846153846154
1 0.125 0.5120192307692307 0.25 0.2932692307692308
1 0.03485576923076923 0.5985576923076923 0.06971153846153846 0.14423076923076922
1 0.6550480769230769 0.4230769230769231 0.25721153846153844 0.16826923076923078
1 0.19951923076923078 0.27163461538461536 0.13942307692307693 0.1201923076923077
1 0.42427884615384615 0.1814903846153846 0.17067307692307693 0.11298076923076923
1 0.27163461538461536 0.17067307692307693 0.16346153846153846 0.10576923076923077
1 0.4026442307692308 0.21634615384615385 0.15144230769230768 0.125
1 0.890625 0.6754807692307693 0.21875 0.6490384615384616