1 0.44471153846153844 0.328125 0.15865384615384615 0.09375
1 0.48677884615384615 0.6814903846153846 0.2668269230769231 0.27163461538461536
1 0.13221153846153846 0.9050480769230769 0.2644230769230769 0.18990384615384615
1 0.8401442307692307 0.40024038461538464 0.22355769230769232 0.14182692307692307
1 0.13822115384615385 0.3173076923076923 0.2764423076923077 0.25
1 0.038461538461538464 0.34975961538461536 0.07692307692307693 0.12259615384615384
1 0.6730769230769231 0.5048076923076923 0.25 0.125
1 0.3425480769230769 0.15865384615384615 0.12740384615384615 0.10096153846153846
1 0.5829326923076923 0.18389423076923078 0.1658653846153846 0.08413461538461539
1 0.4519230769230769 0.10096153846153846 0.15865384615384615 0.07692307692307693
1 0.5492788461538461 0.20432692307692307 0.14182692307692307 0.10096153846153846
1 0.8305288461538461 0.8233173076923077 0.3389423076923077 0.35336538461538464