1 0.5276442307692307 0.16466346153846154 0.10817307692307693 0.06971153846153846
1 0.5685096153846154 0.21754807692307693 0.07451923076923077 0.055288461538461536
1 0.6610576923076923 0.22235576923076922 0.08173076923076923 0.06490384615384616
1 0.18389423076923078 0.4206730769230769 0.36778846153846156 0.2932692307692308
1 0.546875 0.34375 0.1466346153846154 0.11538461538461539
1 0.6346153846153846 0.42788461538461536 0.14903846153846154 0.14423076923076922
1 0.6225961538461539 0.8533653846153846 0.47596153846153844 0.2932692307692308
1 0.4110576923076923 0.018028846153846152 0.09615384615384616 0.036057692307692304
1 0.38341346153846156 0.06490384615384616 0.12259615384615384 0.07211538461538461
1 0.4411057692307692 0.125 0.11778846153846154 0.08173076923076923
1 0.234375 0.203125 0.08413461538461539 0.055288461538461536