1 0.28966346153846156 0.23918269230769232 0.10817307692307693 0.06490384615384616
1 0.28365384615384615 0.30408653846153844 0.07211538461538461 0.05048076923076923
1 0.2127403846153846 0.3605769230769231 0.07932692307692307 0.0625
1 0.7319711538461539 0.25 0.3918269230769231 0.27403846153846156
1 0.375 0.39663461538461536 0.14423076923076922 0.11057692307692307
1 0.3485576923076923 0.5144230769230769 0.14423076923076922 0.13942307692307693
1 0.6478365384615384 0.8545673076923077 0.45913461538461536 0.29086538461538464
1 0.2956730769230769 0.039663461538461536 0.09615384615384616 0.06009615384615385
1 0.35216346153846156 0.0733173076923077 0.12259615384615384 0.06490384615384616
1 0.33774038461538464 0.15504807692307693 0.11778846153846154 0.07451923076923077
1 0.5552884615384616 0.1045673076923077 0.08173076923076923 0.05048076923076923