1 0.5817307692307693 0.17307692307692307 0.10576923076923077 0.057692307692307696
1 0.6129807692307693 0.22956730769230768 0.07211538461538461 0.04567307692307692
1 0.7043269230769231 0.25240384615384615 0.07692307692307693 0.057692307692307696
1 0.18870192307692307 0.3713942307692308 0.37740384615384615 0.24759615384615385
1 0.5721153846153846 0.35336538461538464 0.13942307692307693 0.10096153846153846
1 0.6454326923076923 0.4495192307692308 0.13701923076923078 0.12980769230769232
1 0.5516826923076923 0.8713942307692307 0.43509615384615385 0.25721153846153844
1 0.49158653846153844 0.01201923076923077 0.09375 0.02403846153846154
1 0.453125 0.051682692307692304 0.12259615384615384 0.055288461538461536
1 0.5024038461538461 0.1201923076923077 0.11538461538461539 0.0673076923076923
1 0.28365384615384615 0.16466346153846154 0.08173076923076923 0.04567307692307692