1 0.4182692307692308 0.9158653846153846 0.35096153846153844 0.16826923076923078
1 0.40625 0.5072115384615384 0.28365384615384615 0.15384615384615385
1 0.2764423076923077 0.3581730769230769 0.22596153846153846 0.10576923076923077
1 0.2620192307692308 0.24759615384615385 0.15865384615384615 0.0673076923076923
1 0.43028846153846156 0.30649038461538464 0.1971153846153846 0.09375
1 0.6574519230769231 0.3798076923076923 0.15625 0.07211538461538461
1 0.6574519230769231 0.3173076923076923 0.12740384615384615 0.0625
1 0.5396634615384616 0.2403846153846154 0.07932692307692307 0.038461538461538464
1 0.3557692307692308 0.20072115384615385 0.11538461538461539 0.04567307692307692
1 0.40625 0.1622596153846154 0.125 0.04567307692307692
1 0.3233173076923077 0.10336538461538461 0.08413461538461539 0.038461538461538464
1 0.71875 0.25600961538461536 0.125 0.055288461538461536