1 0.9519230769230769 0.45552884615384615 0.09615384615384616 0.08413461538461539
1 0.6778846153846154 0.2704326923076923 0.3894230769230769 0.12740384615384615
1 0.05889423076923077 0.7175480769230769 0.11778846153846154 0.45913461538461536
1 0.609375 0.90625 0.5841346153846154 0.1875
1 0.90625 0.7800480769230769 0.125 0.11778846153846154
1 0.5396634615384616 0.5576923076923077 0.20432692307692307 0.12980769230769232
1 0.3329326923076923 0.6959134615384616 0.09375 0.06490384615384616
1 0.24639423076923078 0.3786057692307692 0.09375 0.06971153846153846
1 0.8088942307692307 0.4074519230769231 0.17548076923076922 0.10817307692307693
1 0.8377403846153846 0.5252403846153846 0.07451923076923077 0.055288461538461536
1 0.9891826923076923 0.6550480769230769 0.021634615384615384 0.0889423076923077
1 0.9639423076923077 0.9110576923076923 0.07211538461538461 0.09615384615384616
1 0.3112980769230769 0.22956730769230768 0.2620192307692308 0.07451923076923077