1 0.27884615384615385 0.3894230769230769 0.14423076923076922 0.08653846153846154
1 0.27524038461538464 0.3233173076923077 0.0985576923076923 0.06009615384615385
1 0.18990384615384615 0.6262019230769231 0.11057692307692307 0.06971153846153846
1 0.10576923076923077 0.7632211538461539 0.15384615384615385 0.09375
1 0.3088942307692308 0.8966346153846154 0.3629807692307692 0.20673076923076922
1 0.9771634615384616 0.859375 0.04567307692307692 0.09375
1 0.6586538461538461 0.8377403846153846 0.10096153846153846 0.0985576923076923
1 0.5709134615384616 0.3858173076923077 0.08413461538461539 0.05048076923076923
1 0.9122596153846154 0.41225961538461536 0.17548076923076922 0.10336538461538461
1 0.7403846153846154 0.6730769230769231 0.10576923076923077 0.0625
1 0.8052884615384616 0.7560096153846154 0.0673076923076923 0.05048076923076923