1 0.7584134615384616 0.6754807692307693 0.40625 0.30288461538461536
1 0.2824519230769231 0.9146634615384616 0.5649038461538461 0.17067307692307693
1 0.2776442307692308 0.4338942307692308 0.5552884615384616 0.25240384615384615
1 0.7884615384615384 0.32211538461538464 0.23557692307692307 0.10096153846153846
1 0.6959134615384616 0.028846153846153848 0.23798076923076922 0.057692307692307696
1 0.4723557692307692 0.1622596153846154 0.29086538461538464 0.0985576923076923
1 0.34975961538461536 0.0673076923076923 0.12740384615384615 0.057692307692307696
1 0.10697115384615384 0.08413461538461539 0.21394230769230768 0.10576923076923077
1 0.2536057692307692 0.010817307692307692 0.37740384615384615 0.021634615384615384
1 0.6057692307692307 0.25961538461538464 0.21153846153846154 0.08173076923076923
1 0.7896634615384616 0.16346153846153846 0.0985576923076923 0.057692307692307696