1 0.6334134615384616 0.9074519230769231 0.3581730769230769 0.18509615384615385
1 0.5961538461538461 0.4951923076923077 0.28846153846153844 0.16346153846153846
1 0.7079326923076923 0.33533653846153844 0.2283653846153846 0.11298076923076923
1 0.7127403846153846 0.22355769230769232 0.16105769230769232 0.07211538461538461
1 0.5492788461538461 0.3004807692307692 0.19951923076923078 0.10096153846153846
1 0.33413461538461536 0.39903846153846156 0.15865384615384615 0.07692307692307693
1 0.3269230769230769 0.33413461538461536 0.12980769230769232 0.0673076923076923
1 0.4326923076923077 0.2439903846153846 0.08173076923076923 0.040865384615384616
1 0.6141826923076923 0.1875 0.11778846153846154 0.04807692307692308
1 0.5600961538461539 0.15264423076923078 0.125 0.05048076923076923
1 0.6358173076923077 0.08533653846153846 0.08413461538461539 0.040865384615384616
1 0.25721153846153844 0.2800480769230769 0.125 0.06009615384615385