1 0.9326923076923077 0.6418269230769231 0.11538461538461539 0.11057692307692307
1 0.7572115384615384 0.3605769230769231 0.39903846153846156 0.25
1 0.07091346153846154 0.4651442307692308 0.14182692307692307 0.5504807692307693
1 0.38461538461538464 0.8641826923076923 0.6826923076923077 0.27163461538461536
1 0.7596153846153846 0.9206730769230769 0.15384615384615385 0.14903846153846154
1 0.5144230769230769 0.5685096153846154 0.23076923076923078 0.18990384615384615
1 0.265625 0.6105769230769231 0.10817307692307693 0.09134615384615384
1 0.3173076923076923 0.2860576923076923 0.11057692307692307 0.09615384615384616
1 0.8197115384615384 0.5408653846153846 0.1971153846153846 0.15865384615384615
1 0.7980769230769231 0.6598557692307693 0.08653846153846154 0.07451923076923077
1 0.9146634615384616 0.8545673076923077 0.11298076923076923 0.11298076923076923
1 0.4362980769230769 0.17548076923076922 0.2668269230769231 0.15865384615384615