1 0.04927884615384615 0.5348557692307693 0.0985576923076923 0.09375
1 0.2848557692307692 0.30408653846153844 0.39663461538461536 0.1658653846153846
1 0.9447115384615384 0.6141826923076923 0.11057692307692307 0.49278846153846156
1 0.484375 0.8978365384615384 0.6225961538461539 0.20432692307692307
1 0.14903846153846154 0.8461538461538461 0.1346153846153846 0.12980769230769232
1 0.4723557692307692 0.5637019230769231 0.21394230769230768 0.15144230769230768
1 0.7019230769230769 0.6646634615384616 0.10096153846153846 0.07451923076923077
1 0.7307692307692307 0.33774038461538464 0.10096153846153846 0.07932692307692307
1 0.1814903846153846 0.4639423076923077 0.18509615384615385 0.125
1 0.17427884615384615 0.5853365384615384 0.07932692307692307 0.06009615384615385
1 0.03125 0.7439903846153846 0.0625 0.0985576923076923
1 0.1045673076923077 0.9675480769230769 0.10336538461538461 0.06490384615384616
1 0.640625 0.19951923076923078 0.2668269230769231 0.10096153846153846