1 0.18870192307692307 0.3581730769230769 0.11298076923076923 0.04807692307692308
1 0.25961538461538464 0.35216346153846156 0.04326923076923077 0.03125
1 0.12620192307692307 0.4098557692307692 0.11778846153846154 0.055288461538461536
1 0.4110576923076923 0.3701923076923077 0.16346153846153846 0.08173076923076923
1 0.1201923076923077 0.49038461538461536 0.08653846153846154 0.04807692307692308
1 0.6033653846153846 0.4074519230769231 0.3269230769230769 0.16105769230769232
1 0.8425480769230769 0.3762019230769231 0.21394230769230768 0.10336538461538461
1 0.24639423076923078 0.5444711538461539 0.4831730769230769 0.19471153846153846
1 0.5396634615384616 0.5192307692307693 0.3389423076923077 0.16346153846153846
1 0.051682692307692304 0.6935096153846154 0.10336538461538461 0.1658653846153846
1 0.6177884615384616 0.5769230769230769 0.2403846153846154 0.11538461538461539
1 0.1201923076923077 0.7115384615384616 0.2403846153846154 0.13942307692307693
1 0.3317307692307692 0.6706730769230769 0.14903846153846154 0.08173076923076923
1 0.2283653846153846 0.7668269230769231 0.3894230769230769 0.16826923076923078
1 0.7427884615384616 0.6454326923076923 0.10096153846153846 0.055288461538461536
1 0.46274038461538464 0.8774038461538461 0.24759615384615385 0.17307692307692307
1 0.5060096153846154 0.09975961538461539 0.026442307692307692 0.021634615384615384
1 0.3713942307692308 0.15504807692307693 0.16105769230769232 0.055288461538461536
1 0.1778846153846154 0.20673076923076922 0.07692307692307693 0.038461538461538464
1 0.5144230769230769 0.15865384615384615 0.052884615384615384 0.02403846153846154
1 0.4387019230769231 0.18870192307692307 0.10336538461538461 0.04567307692307692
1 0.7896634615384616 0.11899038461538461 0.13701923076923078 0.07932692307692307
1 0.6490384615384616 0.15745192307692307 0.13942307692307693 0.055288461538461536
1 0.3088942307692308 0.2644230769230769 0.0985576923076923 0.04326923076923077
1 0.2548076923076923 0.3125 0.057692307692307696 0.03365384615384615
1 0.6201923076923077 0.22956730769230768 0.1201923076923077 0.055288461538461536