1 0.40384615384615385 0.2980769230769231 0.052884615384615384 0.02403846153846154
1 0.21153846153846154 0.3605769230769231 0.028846153846153848 0.03365384615384615
1 0.296875 0.3581730769230769 0.040865384615384616 0.019230769230769232
1 0.36177884615384615 0.35336538461538464 0.040865384615384616 0.019230769230769232
1 0.15865384615384615 0.390625 0.04326923076923077 0.040865384615384616
1 0.37740384615384615 0.4026442307692308 0.057692307692307696 0.03125
1 0.0889423076923077 0.43990384615384615 0.11057692307692307 0.0673076923076923
1 0.6658653846153846 0.4014423076923077 0.052884615384615384 0.04807692307692308
1 0.328125 0.453125 0.06971153846153846 0.06009615384615385
1 0.11538461538461539 0.5204326923076923 0.03365384615384615 0.04567307692307692
1 0.3894230769230769 0.515625 0.10576923076923077 0.055288461538461536
1 0.8545673076923077 0.6346153846153846 0.29086538461538464 0.2644230769230769
1 0.7163461538461539 0.8269230769230769 0.20192307692307693 0.28846153846153844
1 0.9170673076923077 0.8737980769230769 0.1658653846153846 0.25240384615384615