1 0.3173076923076923 0.21033653846153846 0.11057692307692307 0.055288461538461536
1 0.38100961538461536 0.24519230769230768 0.04567307692307692 0.03365384615384615
1 0.06129807692307692 0.15144230769230768 0.06009615384615385 0.038461538461538464
1 0.23677884615384615 0.22115384615384615 0.11778846153846154 0.0625
1 0.49759615384615385 0.3425480769230769 0.16346153846153846 0.09375
1 0.1875 0.2860576923076923 0.08653846153846154 0.052884615384615384
1 0.6370192307692307 0.47716346153846156 0.3269230769230769 0.18509615384615385
1 0.8557692307692307 0.5817307692307693 0.21153846153846154 0.1201923076923077
1 0.26322115384615385 0.39783653846153844 0.47836538461538464 0.23317307692307693
1 0.5240384615384616 0.5372596153846154 0.33653846153846156 0.18990384615384615
1 0.04447115384615385 0.35216346153846156 0.0889423076923077 0.18990384615384615
1 0.5576923076923077 0.6286057692307693 0.2403846153846154 0.13221153846153846
1 0.09495192307692307 0.46153846153846156 0.18990384615384615 0.15865384615384615
1 0.9627403846153846 0.8185096153846154 0.07451923076923077 0.20432692307692307
1 0.2668269230769231 0.5516826923076923 0.14903846153846154 0.09375
1 0.15985576923076922 0.5745192307692307 0.31971153846153844 0.1971153846153846
1 0.625 0.7524038461538461 0.10096153846153846 0.0625
1 0.26322115384615385 0.7956730769230769 0.25240384615384615 0.1875
1 0.03485576923076923 0.9507211538461539 0.06971153846153846 0.0985576923076923
1 0.7235576923076923 0.16826923076923078 0.028846153846153848 0.02403846153846154
1 0.5817307692307693 0.140625 0.15865384615384615 0.06971153846153846
1 0.3894230769230769 0.078125 0.07692307692307693 0.04567307692307692
1 0.6995192307692307 0.21995192307692307 0.052884615384615384 0.026442307692307692
1 0.6189903846153846 0.20432692307692307 0.10336538461538461 0.052884615384615384
1 0.9399038461538461 0.33774038461538464 0.1201923076923077 0.0889423076923077
1 0.8112980769230769 0.29447115384615385 0.13701923076923078 0.06490384615384616
1 0.46634615384615385 0.19831730769230768 0.09615384615384616 0.05048076923076923
1 0.3954326923076923 0.2091346153846154 0.06009615384615385 0.038461538461538464
1 0.7475961538461539 0.3401442307692308 0.1201923076923077 0.06490384615384616