1 0.5528846153846154 0.28125 0.052884615384615384 0.028846153846153848
1 0.7536057692307693 0.30408653846153844 0.03125 0.036057692307692304
1 0.6694711538461539 0.31850961538461536 0.040865384615384616 0.021634615384615384
1 0.6045673076923077 0.328125 0.040865384615384616 0.021634615384615384
1 0.8137019230769231 0.31971153846153844 0.04567307692307692 0.04326923076923077
1 0.6009615384615384 0.3786057692307692 0.057692307692307696 0.036057692307692304
1 0.890625 0.3545673076923077 0.11298076923076923 0.07451923076923077
1 0.31850961538461536 0.4387019230769231 0.055288461538461536 0.05048076923076923
1 0.6586538461538461 0.4170673076923077 0.07211538461538461 0.06490384615384616
1 0.8810096153846154 0.43990384615384615 0.036057692307692304 0.04807692307692308
1 0.6117788461538461 0.49278846153846156 0.10817307692307693 0.0625
1 0.16826923076923078 0.7103365384615384 0.33653846153846156 0.2860576923076923
1 0.3581730769230769 0.8581730769230769 0.22115384615384615 0.28365384615384615
1 0.13942307692307693 0.9134615384615384 0.27884615384615385 0.17307692307692307