1 0.02403846153846154 0.47115384615384615 0.04807692307692308 0.07211538461538461
1 0.5072115384615384 0.3605769230769231 0.2403846153846154 0.1346153846153846
1 0.2247596153846154 0.4387019230769231 0.22355769230769232 0.15625
1 0.08533653846153846 0.5012019230769231 0.07451923076923077 0.06009615384615385
1 0.5036057692307693 0.5901442307692307 0.20432692307692307 0.17067307692307693
1 0.11538461538461539 0.7584134615384616 0.22596153846153846 0.15144230769230768
1 0.25841346153846156 0.8425480769230769 0.5168269230769231 0.31490384615384615
1 0.43028846153846156 0.10336538461538461 0.08653846153846154 0.0625
1 0.5300480769230769 0.12980769230769232 0.1658653846153846 0.08173076923076923
1 0.7584134615384616 0.07211538461538461 0.1466346153846154 0.07692307692307693
1 0.11538461538461539 0.2548076923076923 0.20673076923076922 0.08653846153846154