1 0.3233173076923077 0.3293269230769231 0.08413461538461539 0.04807692307692308
1 0.5336538461538461 0.33413461538461536 0.057692307692307696 0.04807692307692308
1 0.9134615384615384 0.2644230769230769 0.17307692307692307 0.08653846153846154
1 0.25 0.39783653846153844 0.09134615384615384 0.06971153846153846
1 0.5204326923076923 0.36778846153846156 0.06490384615384616 0.04326923076923077
1 0.3641826923076923 0.4026442307692308 0.11298076923076923 0.06490384615384616
1 0.7415865384615384 0.33052884615384615 0.09375 0.06009615384615385
1 0.265625 0.4375 0.0889423076923077 0.052884615384615384
1 0.7608173076923077 0.38461538461538464 0.08413461538461539 0.052884615384615384
1 0.7271634615384616 0.8461538461538461 0.5120192307692307 0.3076923076923077
1 0.22956730769230768 0.14903846153846154 0.06009615384615385 0.028846153846153848
1 0.6153846153846154 0.1502403846153846 0.052884615384615384 0.026442307692307692
1 0.31009615384615385 0.22115384615384615 0.11538461538461539 0.057692307692307696
1 0.46153846153846156 0.22115384615384615 0.04326923076923077 0.03365384615384615
1 0.546875 0.20432692307692307 0.07932692307692307 0.052884615384615384
1 0.6610576923076923 0.203125 0.04807692307692308 0.036057692307692304
1 0.4723557692307692 0.24278846153846154 0.11778846153846154 0.052884615384615384
1 0.9459134615384616 0.17307692307692307 0.040865384615384616 0.038461538461538464
1 0.44350961538461536 0.2824519230769231 0.14182692307692307 0.06971153846153846
1 0.5793269230769231 0.25841346153846156 0.07211538461538461 0.040865384615384616