1 0.37740384615384615 0.2860576923076923 0.08173076923076923 0.038461538461538464
1 0.578125 0.35096153846153844 0.055288461538461536 0.04326923076923077
1 0.9387019230769231 0.3858173076923077 0.12259615384615384 0.06971153846153846
1 0.2860576923076923 0.33413461538461536 0.08653846153846154 0.0625
1 0.5576923076923077 0.3798076923076923 0.0625 0.038461538461538464
1 0.3942307692307692 0.3701923076923077 0.11057692307692307 0.052884615384615384
1 0.7776442307692307 0.40384615384615385 0.0889423076923077 0.052884615384615384
1 0.29086538461538464 0.3737980769230769 0.08653846153846154 0.04567307692307692
1 0.78125 0.46033653846153844 0.08173076923076923 0.04567307692307692
1 0.6105769230769231 0.8810096153846154 0.4855769230769231 0.23798076923076922
1 0.33533653846153844 0.08774038461538461 0.06009615384615385 0.021634615384615384
1 0.7067307692307693 0.19591346153846154 0.052884615384615384 0.021634615384615384
1 0.39302884615384615 0.18028846153846154 0.11298076923076923 0.04807692307692308
1 0.5396634615384616 0.21995192307692307 0.040865384615384616 0.03125
1 0.625 0.22716346153846154 0.07692307692307693 0.04567307692307692
1 0.7367788461538461 0.25841346153846156 0.04567307692307692 0.03125
1 0.5456730769230769 0.24519230769230768 0.11538461538461539 0.04326923076923077
1 0.5036057692307693 0.27524038461538464 0.13701923076923078 0.055288461538461536
1 0.6430288461538461 0.29086538461538464 0.06971153846153846 0.03365384615384615