1 0.671875 0.32211538461538464 0.08413461538461539 0.04326923076923077
1 0.46153846153846156 0.33533653846153844 0.057692307692307696 0.04567307692307692
1 0.0829326923076923 0.27884615384615385 0.1658653846153846 0.08173076923076923
1 0.7475961538461539 0.3894230769230769 0.09134615384615384 0.0673076923076923
1 0.47596153846153844 0.36899038461538464 0.0625 0.040865384615384616
1 0.6358173076923077 0.39783653846153844 0.11298076923076923 0.06009615384615385
1 0.2548076923076923 0.3389423076923077 0.09134615384615384 0.057692307692307696
1 0.734375 0.42908653846153844 0.0889423076923077 0.05048076923076923
1 0.23677884615384615 0.3954326923076923 0.08413461538461539 0.05048076923076923
1 0.28846153846153844 0.8533653846153846 0.5048076923076923 0.2932692307692308
1 0.7608173076923077 0.13822115384615385 0.06009615384615385 0.026442307692307692
1 0.375 0.15625 0.052884615384615384 0.02403846153846154
1 0.6826923076923077 0.21514423076923078 0.11538461538461539 0.055288461538461536
1 0.5288461538461539 0.21875 0.04326923076923077 0.03365384615384615
1 0.44591346153846156 0.20552884615384615 0.07932692307692307 0.05048076923076923
1 0.3293269230769231 0.2091346153846154 0.04807692307692308 0.03365384615384615
1 0.5204326923076923 0.24158653846153846 0.11778846153846154 0.05048076923076923
1 0.04447115384615385 0.18990384615384615 0.040865384615384616 0.038461538461538464
1 0.5504807692307693 0.2800480769230769 0.13942307692307693 0.06490384615384616
1 0.41225961538461536 0.2620192307692308 0.06971153846153846 0.038461538461538464