1 0.4375 0.296875 0.052884615384615384 0.01201923076923077
1 0.5757211538461539 0.3485576923076923 0.15144230769230768 0.028846153846153848
1 0.0625 0.3737980769230769 0.125 0.03125
1 0.25 0.38221153846153844 0.14423076923076922 0.028846153846153848
1 0.6658653846153846 0.40625 0.1346153846153846 0.03365384615384615
1 0.8088942307692307 0.47836538461538464 0.07932692307692307 0.03365384615384615
1 0.6610576923076923 0.5060096153846154 0.10576923076923077 0.021634615384615384
1 0.9242788461538461 0.5709134615384616 0.15144230769230768 0.021634615384615384
1 0.49158653846153844 0.5985576923076923 0.2860576923076923 0.04326923076923077
1 0.9423076923076923 0.6213942307692307 0.08173076923076923 0.021634615384615384
1 0.6538461538461539 0.6622596153846154 0.1971153846153846 0.026442307692307692
1 0.23317307692307693 0.6862980769230769 0.32211538461538464 0.04567307692307692
1 0.65625 0.703125 0.1875 0.021634615384615384
1 0.15985576923076922 0.7728365384615384 0.31971153846153844 0.06009615384615385
1 0.6033653846153846 0.21153846153846154 0.1346153846153846 0.028846153846153848
1 0.5360576923076923 0.2776442307692308 0.10576923076923077 0.026442307692307692