1 0.4338942307692308 0.3137019230769231 0.13701923076923078 0.06971153846153846
1 0.18389423076923078 0.38461538461538464 0.15144230769230768 0.07692307692307693
1 0.013221153846153846 0.43509615384615385 0.026442307692307692 0.028846153846153848
1 0.3737980769230769 0.3894230769230769 0.12740384615384615 0.057692307692307696
1 0.22596153846153846 0.4543269230769231 0.14903846153846154 0.07692307692307693
1 0.0733173076923077 0.47836538461538464 0.09375 0.0673076923076923
1 0.3425480769230769 0.4675480769230769 0.09375 0.040865384615384616
1 0.24519230769230768 0.5048076923076923 0.04326923076923077 0.03365384615384615
1 0.057692307692307696 0.5697115384615384 0.09134615384615384 0.0673076923076923
1 0.3858173076923077 0.5324519230769231 0.12740384615384615 0.0889423076923077
1 0.04807692307692308 0.6177884615384616 0.09134615384615384 0.057692307692307696
1 0.22956730769230768 0.6045673076923077 0.14182692307692307 0.07451923076923077
1 0.3473557692307692 0.5949519230769231 0.10336538461538461 0.07451923076923077
1 0.5805288461538461 0.17548076923076922 0.07932692307692307 0.04326923076923077