1 0.5625 0.3112980769230769 0.1346153846153846 0.06490384615384616
1 0.8137019230769231 0.37259615384615385 0.15144230769230768 0.07211538461538461
1 0.9855769230769231 0.4182692307692308 0.028846153846153848 0.028846153846153848
1 0.6237980769230769 0.3870192307692308 0.12740384615384615 0.052884615384615384
1 0.7728365384615384 0.44471153846153844 0.1466346153846154 0.07211538461538461
1 0.9266826923076923 0.4651442307692308 0.09375 0.06490384615384616
1 0.6574519230769231 0.46153846153846156 0.09375 0.038461538461538464
1 0.7548076923076923 0.4963942307692308 0.04326923076923077 0.03125
1 0.9459134615384616 0.5540865384615384 0.0889423076923077 0.06490384615384616
1 0.6153846153846154 0.5276442307692307 0.125 0.08413461538461539
1 0.9555288461538461 0.6021634615384616 0.0889423076923077 0.055288461538461536
1 0.7740384615384616 0.59375 0.13942307692307693 0.07211538461538461
1 0.65625 0.5889423076923077 0.10096153846153846 0.07211538461538461
1 0.4110576923076923 0.17908653846153846 0.07692307692307693 0.040865384615384616