1 0.8016826923076923 0.4326923076923077 0.07451923076923077 0.04326923076923077
1 0.5408653846153846 0.7019230769230769 0.09134615384615384 0.09134615384615384
1 0.9399038461538461 0.8990384615384616 0.1201923076923077 0.20192307692307693
1 0.1502403846153846 0.8401442307692307 0.3004807692307692 0.31971153846153844
1 0.33774038461538464 0.013221153846153846 0.04567307692307692 0.026442307692307692
1 0.38461538461538464 0.037259615384615384 0.052884615384615384 0.026442307692307692
1 0.4579326923076923 0.11057692307692307 0.15625 0.0625
1 0.6069711538461539 0.20192307692307693 0.0985576923076923 0.052884615384615384
1 0.038461538461538464 0.06971153846153846 0.07692307692307693 0.07211538461538461
1 0.42908653846153844 0.18028846153846154 0.18509615384615385 0.07211538461538461
1 0.5360576923076923 0.23798076923076922 0.07692307692307693 0.04807692307692308